7.200000000000000178e+00 6.781793381889508199e-01 2.464414378920151694e-01
1.851333333333333186e+01 5.221847083148707380e-01 3.732843491663669910e-01
2.982777777777777928e+01 4.932229290458595150e-01 4.092915640907365260e-01
4.114222222222222314e+01 4.747423569025567280e-01 4.219451451782255669e-01
5.245666666666666345e+01 4.664238059020044957e-01 4.218143643851970381e-01
6.377111111111111086e+01 4.640433799564088746e-01 4.273100878986473283e-01
7.508555555555555827e+01 4.627734170559411053e-01 4.304942119421129587e-01
8.640000000000000568e+01 4.596776635409628442e-01 4.307123412743250057e-01
9.771333333333333826e+01 4.545141535646973208e-01 4.322161518287774840e-01
1.090277777777777715e+02 4.508815874489327524e-01 4.305893031897035650e-01
1.203422222222222189e+02 4.502295952533977297e-01 4.309992956913498707e-01
1.316566666666666663e+02 4.496400946644357743e-01 4.321161977590659009e-01
1.429711111111110995e+02 4.496245162993193212e-01 4.318759790677190180e-01
1.542855555555555611e+02 4.510726035843747317e-01 4.303932593555214181e-01
1.655999999999999943e+02 4.501905082312845363e-01 4.300588835296149104e-01
1.769133333333333269e+02 4.502485542808360997e-01 4.298497009517693312e-01
1.882277777777777885e+02 4.488426046253216617e-01 4.300600611416851571e-01
1.995422222222222217e+02 4.491919311382420732e-01 4.323382291902764796e-01
2.108566666666666549e+02 4.476972976076653010e-01 4.322665489778302339e-01
2.221711111111111165e+02 4.470018275069975178e-01 4.327496439174874365e-01
2.334855555555555497e+02 4.484476542743074390e-01 4.348818061065055085e-01
2.448000000000000114e+02 4.484128489088544667e-01 4.358977847862789967e-01
2.561133333333333439e+02 4.489011025773503860e-01 4.371773820025269264e-01
2.674277777777778056e+02 4.489379996539876183e-01 4.371066852280313664e-01
2.787422222222222103e+02 4.484471686369146393e-01 4.374226778362057533e-01
2.900566666666666720e+02 4.474307655217460433e-01 4.367224953690492240e-01
3.013711111111111336e+02 4.480610345494853708e-01 4.372190790904306179e-01
3.126855555555555384e+02 4.469677439839222499e-01 4.375691994851531597e-01
3.240000000000000000e+02 4.469085269336185995e-01 4.371953481001494835e-01
3.353133333333333326e+02 4.461766646430422867e-01 4.374923522730561065e-01
3.466277777777777942e+02 4.450336915841077712e-01 4.376221804155869810e-01
3.579422222222221990e+02 4.439702324110276210e-01 4.376165058892163562e-01
3.692566666666666606e+02 4.443598989247101727e-01 4.384081748158708547e-01
3.805711111111111222e+02 4.449907132071942995e-01 4.384673912419358999e-01
3.918855555555555839e+02 4.450833197947375308e-01 4.384659913730377667e-01
4.031999999999999886e+02 4.446075831844815696e-01 4.390647415936936859e-01
4.145133333333333212e+02 4.442115230142540949e-01 4.385560806695443792e-01
4.258277777777777828e+02 4.442473582748348582e-01 4.386164200209609620e-01
4.371422222222222445e+02 4.444189110184824654e-01 4.384827296170493716e-01
4.484566666666666492e+02 4.436978551842459817e-01 4.383542357989737015e-01
4.597711111111111109e+02 4.436743289882575381e-01 4.380450178995310972e-01
4.710855555555555725e+02 4.436950077879543985e-01 4.382079194728841220e-01
4.823999999999999773e+02 4.442093184986534160e-01 4.384550750037060074e-01
4.937133333333333098e+02 4.445489474493410365e-01 4.386409082362965894e-01
5.050277777777777715e+02 4.448910658080131308e-01 4.386980843299189692e-01
5.163422222222221762e+02 4.448448351672712464e-01 4.386848473123789449e-01
5.276566666666666379e+02 4.446789428948210166e-01 4.388500975799071169e-01
5.389711111111110995e+02 4.442322438092819459e-01 4.387693580015950556e-01
5.502855555555555611e+02 4.449874012382422639e-01 4.393362922034287910e-01
5.616000000000000227e+02 4.441719844931461547e-01 4.396675545033277288e-01
5.729133333333332985e+02 4.444896972312286643e-01 4.400137684404176741e-01
5.842277777777777601e+02 4.443507626887460704e-01 4.402857493908659547e-01
5.955422222222222217e+02 4.435394769539076631e-01 4.399179570385333693e-01
6.068566666666666833e+02 4.440055528228848969e-01 4.404871723862106014e-01
6.181711111111111450e+02 4.441539980160329470e-01 4.403120238808977405e-01
6.294855555555556066e+02 4.439612443784028417e-01 4.398900776583666850e-01
6.407999999999999545e+02 4.436968101264270881e-01 4.400769560308294137e-01
6.521133333333333439e+02 4.433303335899651532e-01 4.403373297766254302e-01
6.634277777777778056e+02 4.431749826563945449e-01 4.402852015027700072e-01
6.747422222222222672e+02 4.433037475885891476e-01 4.404811485511853641e-01
6.860566666666666151e+02 4.427086273259868143e-01 4.398644129295685157e-01
6.973711111111110768e+02 4.427905751701531889e-01 4.402540267528138318e-01
7.086855555555555384e+02 4.424680347503952005e-01 4.402287216931061176e-01
7.200000000000000000e+02 4.428788210902124267e-01 4.403562077894860316e-01
