9.000000000000000000e+00 8.887021875174925256e-01 2.010890567106818627e-01
2.028555555555555401e+01 8.549973165555936339e-01 4.439492541190557806e-01
3.157111111111111157e+01 8.501763992795069447e-01 5.121930588028638098e-01
4.285666666666666913e+01 8.292377962215266018e-01 6.070722422675415286e-01
5.414222222222222314e+01 8.221065462787443545e-01 6.293804255034239903e-01
6.542777777777777715e+01 8.252567410190509989e-01 6.905473067621705763e-01
7.671333333333333826e+01 8.274930907777738875e-01 7.585668149145269323e-01
8.800000000000000000e+01 8.264871023911666281e-01 7.744661003515608266e-01
9.928555555555556111e+01 8.221461099779319159e-01 7.906156262885215558e-01
1.105711111111111080e+02 8.199292138344140835e-01 7.093500097805456317e-01
1.218566666666666691e+02 8.205046637546924426e-01 7.130212410148133451e-01
1.331422222222222160e+02 8.208821221923011668e-01 6.986018159522655591e-01
1.444277777777777771e+02 8.244842094609019512e-01 7.110540556771006715e-01
1.557133333333333383e+02 8.242569819880752879e-01 6.182314047042754002e-01
1.670000000000000000e+02 8.257787105527446547e-01 6.542939967736549622e-01
1.782855555555555611e+02 8.250012470931503694e-01 6.710246998520866812e-01
1.895711111111111222e+02 8.236531810443153967e-01 6.248649952721456735e-01
2.008566666666666549e+02 8.253017946671183935e-01 6.129279856847036356e-01
2.121422222222222160e+02 8.252561412704230159e-01 6.300704744467358065e-01
2.234277777777777771e+02 8.243707061608368525e-01 6.457455432807660545e-01
2.347133333333333383e+02 8.251153440047283016e-01 6.726897268510819705e-01
2.460000000000000000e+02 8.245740515385019398e-01 6.706705838519486651e-01
2.572855555555555611e+02 8.242450598667833139e-01 6.674651104855676698e-01
2.685711111111111222e+02 8.214509740521528380e-01 6.800518822855126100e-01
2.798566666666666833e+02 8.210175309828944279e-01 6.741960157941411236e-01
2.911422222222222445e+02 8.207161737000621127e-01 6.787925792990200380e-01
3.024277777777778056e+02 8.203039773064050300e-01 6.606657976084248096e-01
3.137133333333333098e+02 8.191897609464373620e-01 7.337684149468123307e-01
3.250000000000000000e+02 8.206582667008233134e-01 8.067695548052536969e-01
3.362855555555555611e+02 8.215549871055776165e-01 8.079048357133580271e-01
3.475711111111111222e+02 8.208579320854452188e-01 8.119154082116795124e-01
3.588566666666666833e+02 8.199096685045048627e-01 8.133854738971721954e-01
3.701422222222222445e+02 8.199976466114959894e-01 8.132298578112033827e-01
3.814277777777778056e+02 8.201366201508351050e-01 8.137917587896247307e-01
3.927133333333333098e+02 8.205528425576666951e-01 8.137722830840496968e-01
4.040000000000000000e+02 8.203411850257384952e-01 8.135865732136157158e-01
4.152855555555555611e+02 8.198623806715040763e-01 8.136756258514509232e-01
4.265711111111111222e+02 8.204227845670727381e-01 8.133927125501039246e-01
4.378566666666666833e+02 8.208270461003197571e-01 8.134897399541985985e-01
4.491422222222222445e+02 8.201405404516108888e-01 8.131547696918186574e-01
4.604277777777778056e+02 8.198100739612673715e-01 8.135899282592523596e-01
4.717133333333333098e+02 8.205161674405960781e-01 8.140691653962865981e-01
4.829988888888888710e+02 8.205157934955480403e-01 8.141313611301039810e-01
4.942855555555555611e+02 8.195679021228207128e-01 8.139344685513044686e-01
5.055711111111111222e+02 8.185308689964803097e-01 8.137191098950571355e-01
5.168566666666666833e+02 8.178643667984577537e-01 8.139315781472389322e-01
5.281422222222222445e+02 8.187658280024248114e-01 8.146616137531978996e-01
5.394277777777778056e+02 8.184966152844271869e-01 8.147213620637797638e-01
5.507133333333333667e+02 8.186145099518886692e-01 8.147732901248463389e-01
5.619988888888889278e+02 8.182557467805334772e-01 8.148142587299599393e-01
5.732855555555555611e+02 8.184298994869326771e-01 8.148236762888185769e-01
5.845711111111111222e+02 8.183004302379810468e-01 8.148833792141119137e-01
5.958566666666666833e+02 8.178564383566419016e-01 8.148945935309261923e-01
6.071422222222222445e+02 8.174720190707300826e-01 8.149176838307294890e-01
6.184277777777778056e+02 8.172519676124194721e-01 8.149526903829290569e-01
6.297133333333333667e+02 8.172302041709557097e-01 8.149928698070352251e-01
6.410000000000000000e+02 8.177987205719075003e-01 8.150176594595445190e-01
6.522855555555555611e+02 8.167588884635650359e-01 8.150778219887515608e-01
6.635711111111111222e+02 8.166572149893365218e-01 8.151079837497687830e-01
6.748566666666666833e+02 8.164652369973242063e-01 8.151282971597941795e-01
6.861422222222222445e+02 8.168875739136793879e-01 8.151486043536004811e-01
6.974277777777778056e+02 8.168004664503107914e-01 8.151573511834410146e-01
7.087133333333333667e+02 8.167029309134621329e-01 8.151756865974892907e-01
7.200000000000000000e+02 8.165619517875388755e-01 8.151875649618887110e-01
