9.000000000000000000e+00 6.249415944583283089e-01 2.760371024634791226e-01
2.028555555555555401e+01 5.140379522722989813e-01 3.829150143020783603e-01
3.157111111111111157e+01 4.922296957922910332e-01 4.124148830153345768e-01
4.285666666666666913e+01 4.738183057786232721e-01 4.232529394222469543e-01
5.414222222222222314e+01 4.640692744408486670e-01 4.230273093369870674e-01
6.542777777777777715e+01 4.650027274094220564e-01 4.292370446504126247e-01
7.671333333333333826e+01 4.626333825015904178e-01 4.308919862941795742e-01
8.800000000000000000e+01 4.607866800045480882e-01 4.312331592411743353e-01
9.928555555555556111e+01 4.523610184178436522e-01 4.314686979115299748e-01
1.105711111111111080e+02 4.521757268373526317e-01 4.301397866105145518e-01
1.218566666666666691e+02 4.509894166869242715e-01 4.308623735320304959e-01
1.331422222222222160e+02 4.499911301190858692e-01 4.318454231012315292e-01
1.444277777777777771e+02 4.505224873443973155e-01 4.320223590429165261e-01
1.557133333333333383e+02 4.503673992771524692e-01 4.306468260237615309e-01
1.670000000000000000e+02 4.501613484765883966e-01 4.298873267735029979e-01
1.782855555555555611e+02 4.497092759139215690e-01 4.298057181015136896e-01
1.895711111111111222e+02 4.487398681690196733e-01 4.309418712667517082e-01
2.008566666666666549e+02 4.487771570854798275e-01 4.322737235224732300e-01
2.121422222222222160e+02 4.472621284731617131e-01 4.314743615237462970e-01
2.234277777777777771e+02 4.473039538767467072e-01 4.329710819972237279e-01
2.347133333333333383e+02 4.481889868713497260e-01 4.347326666809669393e-01
2.460000000000000000e+02 4.485844051337326555e-01 4.360522888400458763e-01
2.572855555555555611e+02 4.487680278945241352e-01 4.371110851674996356e-01
2.685711111111111222e+02 4.482680132448575994e-01 4.371178969087681776e-01
2.798566666666666833e+02 4.484108636512783019e-01 4.376893832454977762e-01
2.911422222222222445e+02 4.472243452158758403e-01 4.369973778442872714e-01
3.024277777777778056e+02 4.482116552371009921e-01 4.374422320031540745e-01
3.137133333333333098e+02 4.469616640506581251e-01 4.377965360859059629e-01
3.250000000000000000e+02 4.471472900579520626e-01 4.373881093840393808e-01
3.362855555555555611e+02 4.459550192212141662e-01 4.378230941360493067e-01
3.475711111111111222e+02 4.448954158690489602e-01 4.373974741365785346e-01
3.588566666666666833e+02 4.440865914029281103e-01 4.378162528996499825e-01
3.701422222222222445e+02 4.444886100629859560e-01 4.384304961326401795e-01
3.814277777777778056e+02 4.450349008654913563e-01 4.384433409961130401e-01
3.927133333333333098e+02 4.451530151121961820e-01 4.388309520611857195e-01
4.040000000000000000e+02 4.445693032307277415e-01 4.390647804395019227e-01
4.152855555555555611e+02 4.445116780263632106e-01 4.383136977835633274e-01
4.265711111111111222e+02 4.442343044571271937e-01 4.385110394180515847e-01
4.378566666666666833e+02 4.444370319835506677e-01 4.384986076190120485e-01
4.491422222222222445e+02 4.437640064988140343e-01 4.380296862916331913e-01
4.604277777777778056e+02 4.436508552209420531e-01 4.384603090467030784e-01
4.717133333333333098e+02 4.438277845972345981e-01 4.381415273695828949e-01
4.829988888888888710e+02 4.441323652330145255e-01 4.386588806903995996e-01
4.942855555555555611e+02 4.444970364463008972e-01 4.388026283110451620e-01
5.055711111111111222e+02 4.448081732920141640e-01 4.384442489091679995e-01
5.168566666666666833e+02 4.447356761433790551e-01 4.390470984241147678e-01
5.281422222222222445e+02 4.446608999637920445e-01 4.390398368370703741e-01
5.394277777777778056e+02 4.442996222684148511e-01 4.392764097821730829e-01
5.507133333333333667e+02 4.449311943219308452e-01 4.396911422357347443e-01
5.619988888888889278e+02 4.441501835704553258e-01 4.397433919274301717e-01
5.732855555555555611e+02 4.446697372238005985e-01 4.399305207706820653e-01
5.845711111111111222e+02 4.441854773098180553e-01 4.401201669022941632e-01
5.958566666666666833e+02 4.436378938665561655e-01 4.401250829232545847e-01
6.071422222222222445e+02 4.439289229494565170e-01 4.403100048475244721e-01
6.184277777777778056e+02 4.442707082871195645e-01 4.404435382122025011e-01
6.297133333333333667e+02 4.439940789246051844e-01 4.398144312719295956e-01
6.410000000000000000e+02 4.437977630077153957e-01 4.399766627946363751e-01
6.522855555555555611e+02 4.433330201761881417e-01 4.403274159186771897e-01
6.635711111111111222e+02 4.430719409872342918e-01 4.404981729093054854e-01
6.748566666666666833e+02 4.433452255628891336e-01 4.403475383862651138e-01
6.861422222222222445e+02 4.428377990461420666e-01 4.398270082859283003e-01
6.974277777777778056e+02 4.426678351463400607e-01 4.402849470156603995e-01
7.087133333333333667e+02 4.424174905986864026e-01 4.402172344638097812e-01
7.200000000000000000e+02 4.428788210902124267e-01 4.403562077894860316e-01
