9.000000000000000000e+00 9.376584853567629940e-01 6.103635208117415001e-01
2.028555555555555401e+01 9.033608474014551692e-01 6.652999076655162769e-01
3.157111111111111157e+01 8.921408054186346082e-01 7.091378991600005843e-01
4.285666666666666913e+01 8.712979491357775164e-01 6.660441333464334202e-01
5.414222222222222314e+01 8.594269831947929372e-01 6.951655468993205300e-01
6.542777777777777715e+01 8.574531587235039165e-01 7.361169598121899416e-01
7.671333333333333826e+01 8.544369335035589819e-01 7.261169997987086955e-01
8.800000000000000000e+01 8.519452666923656992e-01 7.595657205562712511e-01
9.928555555555556111e+01 8.463302346746697236e-01 7.607954983741544996e-01
1.105711111111111080e+02 8.429813167495939785e-01 7.733470746281547736e-01
1.218566666666666691e+02 8.412653370327062285e-01 7.800388999628207198e-01
1.331422222222222160e+02 8.410012651114138205e-01 7.759495260482139889e-01
1.444277777777777771e+02 8.423933698783463431e-01 7.796691912780957523e-01
1.557133333333333383e+02 8.419132250563473585e-01 7.831652776055273435e-01
1.670000000000000000e+02 8.417389036952134251e-01 7.872687932951760725e-01
1.782855555555555611e+02 8.398806705685893936e-01 7.913512429101002832e-01
1.895711111111111222e+02 8.378884909672110748e-01 7.928649769929838609e-01
2.008566666666666549e+02 8.383376357646105115e-01 7.926283710744159716e-01
2.121422222222222160e+02 8.384516564367899827e-01 7.926071199268371892e-01
2.234277777777777771e+02 8.371837218850581852e-01 7.972262475574981577e-01
2.347133333333333383e+02 8.374358868020477242e-01 7.924900938655452531e-01
2.460000000000000000e+02 8.361755191382732599e-01 7.984436396661751534e-01
2.572855555555555611e+02 8.351564851110149235e-01 7.961922187771175441e-01
2.685711111111111222e+02 8.331421877134662646e-01 7.962675251029734946e-01
2.798566666666666833e+02 8.323936735693081568e-01 7.929094831894716311e-01
2.911422222222222445e+02 8.318314003631119835e-01 8.011308138959414293e-01
3.024277777777778056e+02 8.311829109909665281e-01 7.992215202338607272e-01
3.137133333333333098e+02 8.296770289752041228e-01 8.001284915404236475e-01
3.250000000000000000e+02 8.309804072878559378e-01 7.993270202005542391e-01
3.362855555555555611e+02 8.317266586974101372e-01 7.999180292505306822e-01
3.475711111111111222e+02 8.308671284233648535e-01 7.951274128503811323e-01
3.588566666666666833e+02 8.302405710319098464e-01 8.024436951040456734e-01
3.701422222222222445e+02 8.291086424011293587e-01 8.016945342929566731e-01
3.814277777777778056e+02 8.293517471243913031e-01 8.007789341547699724e-01
3.927133333333333098e+02 8.295598541957250882e-01 8.010074925397091539e-01
4.040000000000000000e+02 8.293043155691328661e-01 8.022289881370937570e-01
4.152855555555555611e+02 8.285444756783405529e-01 8.019097510210961843e-01
4.265711111111111222e+02 8.292051894321558203e-01 8.071009749416117041e-01
4.378566666666666833e+02 8.292565056777375654e-01 8.053565450983853902e-01
4.491422222222222445e+02 8.277371437253677744e-01 8.071083894516858370e-01
4.604277777777778056e+02 8.276628663703664568e-01 8.084612071876901007e-01
4.717133333333333098e+02 8.284064413927412218e-01 8.074819602351095416e-01
4.829988888888888710e+02 8.284652599535078377e-01 8.039606491974419233e-01
4.942855555555555611e+02 8.273115150539748219e-01 8.040016356404668940e-01
5.055711111111111222e+02 8.263086763067836182e-01 8.045175339349046606e-01
5.168566666666666833e+02 8.255628756659321166e-01 8.060372218533741195e-01
5.281422222222222445e+02 8.265719626382947993e-01 8.135229612317061987e-01
5.394277777777778056e+02 8.259050955335880406e-01 8.141030147003961437e-01
5.507133333333333667e+02 8.261581522468702810e-01 8.145422066549204976e-01
5.619988888888889278e+02 8.256545832877446589e-01 8.146608147386178445e-01
5.732855555555555611e+02 8.257577760636095610e-01 8.147422626748337393e-01
5.845711111111111222e+02 8.255863877616839153e-01 8.149155157838020580e-01
5.958566666666666833e+02 8.251306276982489640e-01 8.154673267990872887e-01
6.071422222222222445e+02 8.249134302133468433e-01 8.152835563912829153e-01
6.184277777777778056e+02 8.245419741304480521e-01 8.156846449049550696e-01
6.297133333333333667e+02 8.246269454230772400e-01 8.157694751500137453e-01
6.410000000000000000e+02 8.246318513168102715e-01 8.155252464250496436e-01
6.522855555555555611e+02 8.236255068260611711e-01 8.157213671168387359e-01
6.635711111111111222e+02 8.239860614430172259e-01 8.160311670764656133e-01
6.748566666666666833e+02 8.231407685822877962e-01 8.163540905108579437e-01
6.861422222222222445e+02 8.238795307441832971e-01 8.159737666600440642e-01
6.974277777777778056e+02 8.236792958800851494e-01 8.156412126654538630e-01
7.087133333333333667e+02 8.232272775713139756e-01 8.165056152065502948e-01
7.200000000000000000e+02 8.231987439627724834e-01 8.165788203667083689e-01
